0,0.000000,0.000000,1.718570
0,0.000000,0.000000,1.696163
0,0.000000,0.000000,1.573775
0,0.000000,0.000000,1.564855
1,0.000000,0.000000,1.540453
0,0.000000,0.000000,0.960305
0,0.000000,0.000000,0.954697
0,0.000000,0.000000,0.965092
0,0.000000,0.000000,0.951107
1,0.000000,0.000000,0.978425
0,0.000000,0.000000,1.169153
0,0.000000,0.000000,1.167800
0,0.000000,0.000000,1.259314
0,0.000000,0.000000,1.291056
1,0.000000,0.000000,1.272923
0,0.000000,0.000000,1.761810
0,0.000000,0.000000,1.785998
0,0.000000,0.000000,1.757407
0,0.000000,0.000000,1.693126
1,0.000000,0.000000,1.761597
0,0.000000,0.000000,0.773972
0,0.000000,0.000000,0.738065
0,0.000000,0.000000,0.775007
0,0.000000,0.000000,0.774518
1,0.000000,0.000000,0.790723
1,0.000000,0.000000,3.933383
0,0.000000,0.000000,0.595965
0,0.000000,0.000000,0.181818
0,0.000000,0.000000,0.463142
0,0.000000,0.000000,0.000000
1,0.000000,0.000000,4.860299
0,0.000000,0.000000,0.028014
0,0.000000,0.000000,0.000000
0,0.000000,0.000000,0.038473
0,0.000000,0.000000,0.000000
1,0.000000,0.000000,5.232490
0,0.000000,0.000000,0.664999
0,0.000000,0.000000,0.454545
0,0.000000,0.000000,0.538032
0,0.000000,0.000000,0.000000
1,0.000000,0.000000,2.342762
0,0.000000,0.000000,0.000334
0,0.000000,0.000000,0.000000
0,0.000000,0.000000,0.000587
0,0.000000,0.000000,0.000000
1,0.000000,0.000000,3.102285
0,0.000000,0.000000,0.397365
0,0.000000,0.000000,0.181818
0,0.000000,0.000000,0.387372
0,0.000000,0.000000,0.000000
0,0.000000,0.000000,0.878497
0,2.000000,2.000000,2.000000
0,0.000000,0.000000,0.925926
1,0.000000,0.000000,0.000000
0,0.000000,0.000000,0.837819
0,0.000000,0.000000,1.218531
0,2.000000,2.000000,3.000000
0,0.000000,0.000000,1.340741
1,0.000000,0.000000,0.000000
0,0.000000,0.000000,1.179089
0,1.000000,1.000000,0.885490
0,2.000000,2.000000,2.000000
0,0.000000,0.000000,1.059259
1,4.000000,2.000000,0.000000
0,0.000000,0.000000,0.924431
0,0.000000,0.000000,1.035839
0,4.000000,3.000000,5.000000
0,0.000000,0.000000,1.111111
1,8.000000,6.000000,0.000000
0,0.000000,0.000000,0.710835
0,0.000000,0.000000,0.077797
0,0.000000,0.000000,0.000000
0,1.000000,1.000000,0.011111
1,0.000000,0.000000,0.000000
0,0.000000,0.000000,0.012767
0,0.000000,0.000000,0.000000
0,0.000000,0.000000,0.714993
1,0.000000,0.000000,0.000000
0,0.000000,0.000000,0.588889
0,0.000000,0.000000,0.600000
0,0.000000,0.000000,0.000000
0,0.000000,0.000000,0.224674
1,0.000000,0.000000,0.000000
0,0.000000,0.000000,0.148148
0,0.000000,0.000000,0.433333
0,0.000000,0.000000,0.000000
0,0.000000,0.000000,0.658712
1,0.000000,0.000000,0.000000
0,0.000000,0.000000,0.881481
0,1.000000,1.000000,1.766667
0,0.000000,0.000000,0.000000
0,0.000000,0.000000,0.993697
1,0.000000,0.000000,0.000000
0,0.000000,0.000000,1.051852
0,2.000000,1.000000,3.100000
0,0.000000,0.000000,0.000000
0,0.000000,0.000000,1.287258
1,0.000000,0.000000,0.000000
0,0.000000,0.000000,1.544444
0,5.000000,4.000000,3.533333
0,8.000000,8.000000,1.000000
0,0.000000,0.000000,0.040741
1,0.000000,0.000000,0.000000
0,0.000000,0.000000,0.024376
0,0.000000,0.000000,0.025334
0,8.000000,8.000000,2.000000
0,0.000000,0.000000,0.040741
1,0.000000,0.000000,0.000000
0,0.000000,0.000000,0.024384
0,0.000000,0.000000,0.025344
0,8.000000,8.000000,2.000000
0,2.000000,2.000000,0.096296
1,0.000000,0.000000,0.000000
0,2.000000,2.000000,0.000225
0,0.000000,0.000000,0.000213
0,8.000000,8.000000,1.000000
0,2.000000,2.000000,0.048148
1,0.000000,0.000000,0.000000
0,0.000000,0.000000,0.000112
0,0.000000,0.000000,0.000107
0,0.000000,0.000000,1.000000
0,0.000000,0.000000,1.270370
1,0.000000,0.000000,0.000000
0,0.000000,0.000000,0.991468
0,0.000000,0.000000,1.027255
1,0.000000,0.000000,0.000000
0,0.000000,0.000000,0.000000
0,0.000000,0.000000,0.000000
0,0.000000,0.000000,0.067336
0,0.000000,0.000000,0.053237
1,0.000000,0.000000,0.000000
0,0.000000,0.000000,1.090909
0,0.000000,0.000000,1.000000
0,0.000000,0.000000,0.963326
0,0.000000,0.000000,1.057554
1,0.000000,0.000000,0.000000
0,0.000000,0.000000,0.000000
0,0.000000,0.000000,0.000000
0,0.000000,0.000000,0.000000
0,0.000000,0.000000,0.000000
1,0.000000,0.000000,0.000000
0,0.000000,0.000000,1.272727
0,0.000000,0.000000,1.000000
0,0.000000,0.000000,0.966059
0,0.000000,0.000000,1.133813
1,0.000000,0.000000,0.000000
0,0.000000,0.000000,0.454545
0,0.000000,0.000000,0.000000
0,0.000000,0.000000,0.497689
0,0.000000,0.000000,0.471942
0,0.000000,0.000000,1.048693
0,0.000000,0.000000,1.056579
0,0.000000,0.000000,0.927509
0,0.000000,0.000000,0.000000
1,0.000000,0.000000,0.971209
0,0.000000,0.000000,0.532804
0,0.000000,0.000000,0.472009
0,0.000000,0.000000,0.465335
0,0.000000,0.000000,0.000000
1,1.000000,1.000000,0.639539
0,0.000000,0.000000,1.202973
0,1.000000,1.000000,1.088923
0,0.000000,0.000000,1.027255
0,0.000000,0.000000,0.000000
1,0.000000,0.000000,1.111132
0,0.000000,0.000000,0.890825
0,0.000000,0.000000,0.857727
0,0.000000,0.000000,0.837879
0,2.000000,2.000000,0.000000
1,0.000000,0.000000,0.877543
0,0.000000,0.000000,1.542799
0,0.000000,0.000000,1.342038
0,1.000000,1.000000,1.337055
0,1.000000,1.000000,0.000000
1,0.000000,0.000000,1.955470
0,0.000000,0.000000,0.024811
0,0.000000,0.000000,0.031587
0,0.000000,0.000000,0.024354
1,0.000000,0.000000,0.023140
0,2.000000,2.000000,0.023444
0,0.000000,0.000000,0.074287
0,0.000000,0.000000,0.144711
0,0.000000,0.000000,0.083694
1,0.000000,0.000000,0.075567
0,0.000000,0.000000,0.078899
0,0.000000,0.000000,1.167356
0,0.000000,0.000000,1.132285
0,0.000000,0.000000,1.214140
1,0.000000,0.000000,1.161257
0,3.000000,4.000000,1.175441
0,0.000000,0.000000,0.367998
0,0.000000,0.000000,0.000000
0,0.000000,0.000000,0.414179
1,0.000000,0.000000,0.349593
0,0.000000,0.000000,0.402109
0,0.000000,0.000000,0.839701
0,0.000000,0.000000,0.000000
0,0.000000,0.000000,0.774461
1,0.000000,0.000000,0.796748
0,0.000000,0.000000,0.848715
0,0.000000,0.000000,0.785694
0,0.000000,0.000000,0.000000
0,0.000000,0.000000,0.680763
1,0.000000,0.000000,0.609756
0,0.000000,0.000000,0.725775
0,0.000000,0.000000,0.886814
0,0.000000,0.000000,0.000000
0,0.000000,0.000000,0.860697
1,0.000000,0.000000,0.894309
0,0.000000,0.000000,0.923204
0,1.000000,1.000000,0.338983
0,0.000000,0.000000,0.000000
0,0.000000,0.000000,0.349088
1,1.000000,1.000000,1.227642
0,2.000000,2.000000,0.292024
0,0.000000,0.000000,0.506799
0,0.000000,0.000000,0.548534
1,0.000000,0.000000,1.650380
0,0.000000,0.000000,0.623529
0,0.000000,0.000000,0.536094
0,0.000000,0.000000,2.232566
0,0.000000,0.000000,2.275246
1,0.000000,0.000000,2.673905
0,0.000000,0.000000,2.247059
0,1.000000,1.000000,3.215932
0,0.000000,0.000000,0.765329
0,0.000000,0.000000,0.834715
1,2.000000,1.000000,3.801303
0,0.000000,0.000000,1.176471
0,0.000000,0.000000,0.887538
0,0.000000,0.000000,0.213779
0,0.000000,0.000000,0.212630
1,0.000000,0.000000,0.476656
0,0.000000,0.000000,0.917647
0,0.000000,0.000000,0.257472
0,0.000000,0.000000,0.519486
0,0.000000,0.000000,0.621892
1,0.000000,0.000000,1.853782
0,0.000000,0.000000,0.505882
0,0.000000,0.000000,0.608029
0,0.000000,0.000000,0.091544
1,0.000000,0.000000,1.093015
0,0.000000,0.000000,0.000000
0,0.000000,0.000000,0.072870
0,0.000000,0.000000,0.085315
0,0.000000,0.000000,0.442680
1,0.000000,0.000000,0.466884
0,0.000000,0.000000,0.312500
0,0.000000,0.000000,0.407625
0,0.000000,0.000000,0.443662
0,0.000000,0.000000,1.023979
1,0.000000,0.000000,2.051393
0,0.000000,0.000000,1.250000
0,0.000000,0.000000,0.996120
0,0.000000,0.000000,1.002814
0,0.000000,0.000000,0.251803
1,0.000000,0.000000,0.278321
0,0.000000,0.000000,0.156250
0,0.000000,0.000000,0.245087
0,0.000000,0.000000,0.224578
0,0.000000,0.000000,0.638505
1,0.000000,0.000000,0.496924
0,0.000000,0.000000,0.687500
0,0.000000,0.000000,0.595129
0,0.000000,0.000000,0.693903
0,0.000000,0.000000,1.222977
0,0.000000,0.000000,1.192761
0,1.000000,1.000000,1.197002
1,0.000000,0.000000,1.312500
0,0.000000,0.000000,1.249057
0,0.000000,0.000000,0.912871
0,0.000000,0.000000,0.972709
0,2.000000,2.000000,0.995717
1,1.000000,1.000000,1.468750
0,0.000000,0.000000,0.898113
0,0.000000,0.000000,0.007446
0,0.000000,0.000000,0.042229
0,1.000000,1.000000,0.125268
1,0.000000,0.000000,0.781250
0,1.000000,1.000000,1.305660
0,0.000000,0.000000,2.363291
0,0.000000,0.000000,2.570238
0,1.000000,1.000000,2.713062
1,2.000000,2.000000,5.593750
0,0.000000,0.000000,2.162264
0,0.000000,0.000000,0.077550
0,0.000000,0.000000,0.082735
0,0.000000,0.000000,0.056745
1,0.000000,0.000000,0.000000
0,0.000000,0.000000,0.158491
0,0.000000,0.000000,0.937567
0,0.000000,0.000000,0.988889
1,0.000000,0.000000,1.034483
0,0.000000,0.000000,1.014459
0,0.000000,0.000000,1.011616
0,0.000000,0.000000,1.578658
0,0.000000,0.000000,1.615942
1,0.000000,0.000000,1.862069
0,0.000000,0.000000,1.621669
0,0.000000,0.000000,1.544936
0,0.000000,0.000000,3.618911
0,0.000000,0.000000,3.742512
1,0.000000,0.000000,3.965517
0,0.000000,0.000000,3.836715
0,0.000000,0.000000,3.788873
0,0.000000,0.000000,0.360798
0,0.000000,0.000000,0.321256
1,0.000000,0.000000,0.344828
0,0.000000,0.000000,0.423225
0,0.000000,0.000000,0.404932
0,0.000000,0.000000,0.728087
0,0.000000,0.000000,0.711111
1,0.000000,0.000000,0.793103
0,0.000000,0.000000,0.733626
0,0.000000,0.000000,0.737925
1,0.000000,0.000000,2.437930
0,0.000000,0.000000,2.911765
0,1.000000,1.000000,2.673325
0,0.000000,0.000000,3.311037
0,1.000000,1.000000,3.806210
1,0.000000,0.000000,2.069852
0,0.000000,0.000000,0.344538
0,0.000000,0.000000,0.108146
0,0.000000,0.000000,0.155062
0,0.000000,0.000000,0.140257
1,0.000000,0.000000,0.107854
0,1.000000,1.000000,1.382353
0,2.000000,2.000000,0.091980
0,2.000000,1.000000,1.071450
0,0.000000,0.000000,0.118844
1,0.000000,0.000000,0.522982
0,0.000000,0.000000,0.634454
0,0.000000,0.000000,0.252340
0,0.000000,0.000000,0.229249
0,0.000000,0.000000,0.825482
1,0.000000,0.000000,0.000000
0,0.000000,0.000000,0.000000
0,0.000000,0.000000,0.000170
0,0.000000,0.000000,0.000000
0,0.000000,0.000000,0.001071
0,0.000000,0.000000,0.493671
0,0.000000,0.000000,0.218357
0,0.000000,0.000000,0.479395
0,0.000000,0.000000,0.454742
1,0.000000,0.000000,0.947537
0,0.000000,0.000000,0.240506
0,0.000000,0.000000,0.143961
0,0.000000,0.000000,0.236935
0,0.000000,0.000000,0.254288
1,0.000000,0.000000,0.364026
1,0.000000,0.000000,2.984436
0,0.000000,0.000000,0.897347
0,0.000000,0.000000,0.987342
0,0.000000,0.000000,0.990254
0,0.000000,0.000000,0.977358
1,0.000000,0.000000,0.081712
0,0.000000,0.000000,0.049586
0,0.000000,0.000000,0.085443
0,0.000000,0.000000,0.048779
0,0.000000,0.000000,0.128302
1,0.000000,0.000000,2.315175
0,0.000000,0.000000,0.982781
0,0.000000,0.000000,1.072785
0,1.000000,1.000000,1.093235
0,0.000000,0.000000,1.203774
1,0.000000,0.000000,2.210117
0,0.000000,0.000000,0.604817
0,0.000000,0.000000,1.155063
0,0.000000,0.000000,0.581731
0,0.000000,0.000000,0.769811
1,0.000000,0.000000,0.883268
0,0.000000,0.000000,0.088916
0,0.000000,0.000000,0.120253
0,0.000000,0.000000,0.067086
0,0.000000,0.000000,0.154717
0,8.000000,4.000000,20.950649
1,12.000000,6.000000,21.052381
0,1.000000,1.000000,1.515744
0,1.000000,2.000000,1.618844
0,2.000000,2.000000,1.541268
0,20.000000,16.000000,25.049351
1,20.000000,14.000000,23.185714
0,0.000000,0.000000,0.253710
0,1.000000,2.000000,1.661670
0,0.000000,0.000000,0.192386
0,0.000000,0.000000,7.123377
1,0.000000,0.000000,7.061905
0,2.000000,1.000000,2.066594
0,0.000000,0.000000,0.185225
0,1.000000,1.000000,0.138613
0,0.000000,0.000000,0.357511
0,0.000000,0.000000,0.465739
0,1.000000,1.000000,1.350701
1,0.000000,0.000000,0.427053
0,0.000000,0.000000,0.387795
0,0.000000,0.000000,0.983927
0,1.000000,1.000000,1.111349
0,0.000000,0.000000,1.070140
1,0.000000,0.000000,1.002899
0,0.000000,0.000000,1.012836
0,0.000000,0.000000,0.200082
0,0.000000,0.000000,0.202355
0,0.000000,0.000000,0.230461
1,1.000000,1.000000,0.185990
0,0.000000,0.000000,0.213954
0,0.000000,0.000000,1.350692
0,0.000000,0.000000,1.473233
0,0.000000,0.000000,1.348697
1,0.000000,0.000000,1.413043
0,0.000000,0.000000,1.379717
0,1.000000,1.000000,1.457877
0,0.000000,0.000000,0.682013
0,0.000000,0.000000,0.857715
1,0.000000,0.000000,1.289372
0,0.000000,0.000000,0.836339
1,2.000000,2.000000,2.825912
0,0.000000,0.000000,0.388576
0,0.000000,0.000000,0.394538
0,0.000000,0.000000,0.378573
0,0.000000,0.000000,0.443187
1,0.000000,0.000000,0.555875
0,0.000000,0.000000,0.419470
0,0.000000,0.000000,0.447565
0,0.000000,0.000000,0.415311
0,0.000000,0.000000,0.490300
0,0.000000,0.000000,0.390347
0,0.000000,0.000000,0.377027
1,0.000000,0.000000,1.057841
0,0.000000,0.000000,0.394538
0,0.000000,0.000000,0.478207
0,0.000000,0.000000,1.504104
0,0.000000,0.000000,1.532296
1,0.000000,0.000000,1.967866
0,0.000000,0.000000,1.517738
0,0.000000,0.000000,1.427239
0,0.000000,0.000000,1.190985
0,0.000000,0.000000,1.142238
1,0.000000,0.000000,1.183805
0,0.000000,0.000000,1.248128
0,1.000000,2.000000,1.369795
0,0.000000,0.000000,0.377435
0,0.000000,0.000000,0.382201
1,0.000000,0.000000,0.431877
0,0.000000,0.000000,0.447565
0,0.000000,0.000000,0.510848
0,0.000000,0.000000,0.326055
0,0.000000,0.000000,0.341381
1,0.000000,0.000000,0.865039
0,0.000000,0.000000,0.306136
0,0.000000,0.000000,0.311703
0,0.000000,0.000000,3.501648
1,0.000000,0.000000,3.891654
0,0.000000,0.000000,0.000000
0,0.000000,0.000000,6.331378
0,0.000000,0.000000,3.387649
0,4.000000,3.000000,1.667765
1,0.000000,0.000000,0.591508
0,0.000000,0.000000,0.000000
0,0.000000,0.000000,1.943444
0,0.000000,0.000000,0.352835
0,0.000000,0.000000,0.828279
1,0.000000,0.000000,0.641288
0,0.000000,0.000000,0.000000
0,2.000000,2.000000,2.865103
0,0.000000,0.000000,0.424964
0,0.000000,0.000000,2.250824
1,0.000000,0.000000,1.762811
0,0.000000,0.000000,0.000000
0,2.000000,2.000000,4.433599
0,0.000000,0.000000,1.694606
0,0.000000,0.000000,1.007910
1,0.000000,0.000000,1.049780
0,0.000000,0.000000,0.000000
0,0.000000,0.000000,2.038961
0,0.000000,0.000000,1.088568
0,0.000000,0.000000,0.684158
0,0.000000,0.000000,0.619530
0,0.000000,0.000000,0.654515
1,0.000000,0.000000,0.587490
0,0.000000,0.000000,0.704477
0,0.000000,0.000000,1.885397
0,0.000000,0.000000,1.525104
0,1.000000,1.000000,2.568071
1,0.000000,0.000000,1.518550
0,1.000000,1.000000,1.950320
0,1.000000,1.000000,1.793673
0,0.000000,0.000000,1.662828
0,0.000000,0.000000,1.726029
1,1.000000,1.000000,1.625805
0,0.000000,0.000000,1.774157
0,0.000000,0.000000,0.710498
0,0.000000,0.000000,0.625518
0,0.000000,0.000000,0.673971
1,0.000000,0.000000,0.598176
0,0.000000,0.000000,0.728081
0,0.000000,0.000000,1.125852
0,0.000000,0.000000,0.927222
0,0.000000,0.000000,1.127763
1,0.000000,0.000000,0.934122
0,0.000000,0.000000,1.134419
0,0.000000,0.000000,0.208753
0,0.000000,0.000000,0.484848
0,0.000000,0.000000,0.481905
0,0.000000,0.000000,0.223767
1,0.000000,0.000000,0.428990
0,0.000000,0.000000,0.089123
0,0.000000,0.000000,0.333333
0,0.000000,0.000000,1.054581
0,0.000000,0.000000,0.122934
1,0.000000,0.000000,0.202050
0,0.000000,0.000000,0.459671
0,0.000000,0.000000,0.606061
0,0.000000,0.000000,0.437579
0,0.000000,0.000000,0.385740
1,0.000000,0.000000,0.562225
0,0.000000,0.000000,1.671618
0,0.000000,0.000000,2.272727
0,1.000000,1.000000,1.650648
0,0.000000,0.000000,1.627632
1,0.000000,0.000000,1.657394
0,0.000000,0.000000,1.210350
0,0.000000,0.000000,1.606061
0,1.000000,2.000000,1.466565
0,0.000000,0.000000,1.190985
1,0.000000,0.000000,1.437775
0,0.000000,0.000000,0.704448
1,2.000000,2.000000,0.759036
0,1.000000,1.000000,0.727573
0,0.000000,0.000000,0.000000
0,0.000000,0.000000,0.777953
0,0.000000,0.000000,0.864212
1,0.000000,0.000000,1.024096
0,0.000000,0.000000,0.896135
0,0.000000,0.000000,0.000000
0,2.000000,1.000000,1.541732
0,1.000000,1.000000,0.315649
1,0.000000,0.000000,1.493976
0,0.000000,0.000000,0.456412
0,0.000000,0.000000,0.000000
0,0.000000,0.000000,1.042520
0,1.000000,1.000000,1.676796
1,0.000000,0.000000,2.385542
0,0.000000,0.000000,1.484001
0,0.000000,0.000000,0.000000
0,0.000000,0.000000,1.981102
0,2.000000,2.000000,1.143567
1,3.000000,2.000000,3.477912
0,0.000000,0.000000,1.257570
0,0.000000,0.000000,0.000000
0,0.000000,0.000000,1.623622
0,0.000000,0.000000,1.421615
0,0.000000,0.000000,0.000000
0,0.000000,0.000000,0.395595
1,0.000000,0.000000,0.000000
0,0.000000,0.000000,0.414461
0,2.000000,2.000000,3.391132
0,0.000000,0.000000,2.000000
0,1.000000,1.000000,1.139424
1,0.000000,0.000000,0.000000
0,1.000000,1.000000,1.212855
0,0.000000,0.000000,2.435207
0,0.000000,0.000000,1.000000
0,0.000000,0.000000,0.667161
1,0.000000,0.000000,0.000000
0,0.000000,0.000000,0.699565
0,2.000000,2.000000,1.598489
0,0.000000,0.000000,2.000000
0,1.000000,1.000000,0.368348
1,0.000000,0.000000,0.000000
0,0.000000,0.000000,0.412182
0,1.000000,1.000000,4.073149
0,0.000000,0.000000,1.000000
0,0.000000,0.000000,1.390472
1,0.000000,0.000000,0.000000
0,0.000000,0.000000,1.470506
0,0.000000,0.000000,0.249666
0,0.000000,0.000000,1.000000
0,0.000000,0.000000,0.262337
1,0.000000,0.000000,0.298824
0,0.000000,0.000000,0.295764
0,0.000000,0.000000,0.147183
0,0.000000,0.000000,1.000000
0,0.000000,0.000000,0.157027
1,0.000000,0.000000,0.188235
0,0.000000,0.000000,0.185614
0,0.000000,0.000000,0.445783
0,0.000000,0.000000,0.000000
0,0.000000,0.000000,0.424119
1,0.000000,0.000000,0.444706
0,0.000000,0.000000,0.406420
0,0.000000,0.000000,1.630350
0,0.000000,0.000000,4.000000
0,0.000000,0.000000,1.622332
1,0.000000,0.000000,1.689412
0,0.000000,0.000000,1.675609
0,0.000000,0.000000,1.195950
0,0.000000,0.000000,3.000000
0,0.000000,0.000000,1.244755
1,0.000000,0.000000,1.305882
0,0.000000,0.000000,1.247948
0,0.000000,0.000000,0.908704
0,0.000000,0.000000,1.812500
0,0.000000,0.000000,1.260925
1,0.000000,0.000000,2.000000
0,0.000000,0.000000,0.933670
0,0.000000,0.000000,1.873463
0,0.000000,0.000000,2.562500
0,0.000000,0.000000,1.638817
1,0.000000,0.000000,3.000000
0,0.000000,0.000000,1.710887
0,0.000000,0.000000,1.587039
0,0.000000,0.000000,2.312500
0,0.000000,0.000000,1.967866
1,0.000000,0.000000,4.000000
0,0.000000,0.000000,1.862293
0,0.000000,0.000000,0.959792
0,0.000000,0.000000,1.000000
0,0.000000,0.000000,0.907455
1,1.000000,1.000000,1.000000
0,0.000000,0.000000,0.977650
0,0.000000,0.000000,2.619678
0,0.000000,0.000000,3.812500
0,0.000000,0.000000,2.503856
1,0.000000,0.000000,4.000000
0,0.000000,0.000000,2.475126
1,2.000000,1.000000,6.857143
0,0.000000,0.000000,4.428571
0,0.000000,0.000000,2.666667
0,0.000000,0.000000,0.000000
0,0.000000,0.000000,3.065693
1,0.000000,0.000000,0.000000
0,0.000000,0.000000,0.000000
0,0.000000,0.000000,0.000000
0,0.000000,0.000000,0.000000
0,0.000000,0.000000,0.000000
1,0.000000,0.000000,0.000000
0,0.000000,0.000000,0.000000
0,0.000000,0.000000,0.000000
0,0.000000,0.000000,0.000000
0,0.000000,0.000000,0.000000
1,0.000000,0.000000,0.000000
0,0.000000,0.000000,0.000000
0,0.000000,0.000000,0.000000
0,0.000000,0.000000,0.000000
0,0.000000,0.000000,0.000000
1,0.000000,0.000000,0.714286
0,0.000000,0.000000,0.714286
0,0.000000,0.000000,1.666667
0,0.000000,0.000000,0.000000
0,0.000000,0.000000,1.781022
0,0.000000,0.000000,0.000000
0,0.000000,0.000000,1.877099
0,0.000000,0.000000,1.923854
1,0.000000,0.000000,0.000000
0,0.000000,0.000000,0.000000
0,0.000000,0.000000,0.000000
0,0.000000,0.000000,2.409291
0,0.000000,0.000000,2.444931
1,0.000000,0.000000,0.000000
0,0.000000,0.000000,0.000000
0,0.000000,0.000000,0.000000
0,0.000000,0.000000,0.487857
0,0.000000,0.000000,0.418305
1,0.000000,0.000000,0.000000
0,0.000000,0.000000,0.000000
0,0.000000,0.000000,0.000000
0,0.000000,0.000000,0.000000
0,0.000000,0.000000,0.000000
1,0.000000,0.000000,0.000000
0,0.000000,0.000000,0.000000
0,0.000000,0.000000,0.000000
0,0.000000,0.000000,0.000652
0,0.000000,0.000000,0.000299
1,0.000000,0.000000,0.000000
0,0.000000,0.000000,0.000000
0,0.000000,0.000000,0.090840
0,0.000000,0.000000,0.000000
0,0.000000,0.000000,0.107143
1,0.000000,0.000000,0.029412
0,0.000000,0.000000,0.040000
0,0.000000,0.000000,1.420893
0,0.000000,0.000000,1.384615
0,0.000000,0.000000,1.476190
1,0.000000,0.000000,1.235294
0,0.000000,0.000000,1.560000
0,0.000000,0.000000,0.908403
0,0.000000,0.000000,1.153846
0,0.000000,0.000000,0.952381
1,0.000000,0.000000,0.411765
0,0.000000,0.000000,1.120000
0,0.000000,0.000000,1.090840
0,0.000000,0.000000,1.230769
0,0.000000,0.000000,1.023810
1,0.000000,0.000000,0.588235
0,0.000000,0.000000,1.280000
0,0.000000,0.000000,2.582892
0,0.000000,0.000000,3.000000
0,0.000000,0.000000,2.452381
1,0.000000,0.000000,1.617647
0,0.000000,0.000000,2.720000
0,0.000000,0.000000,0.001646
1,0.000000,0.000000,0.003175
0,0.000000,0.000000,0.001928
0,0.000000,0.000000,0.001367
0,0.000000,0.000000,0.007067
0,0.000000,0.000000,0.034851
1,0.000000,0.000000,0.117705
0,0.000000,0.000000,0.038659
0,0.000000,0.000000,0.023429
0,0.000000,0.000000,0.035336
0,0.000000,0.000000,0.268199
1,0.000000,0.000000,0.252015
0,0.000000,0.000000,0.247070
0,1.000000,2.000000,0.277428
0,0.000000,0.000000,0.289753
0,0.000000,0.000000,0.997163
1,0.000000,0.000000,0.998901
0,0.000000,0.000000,0.998843
0,0.000000,0.000000,0.991876
0,0.000000,0.000000,0.985866
0,0.000000,0.000000,1.937379
1,0.000000,0.000000,1.973138
0,0.000000,0.000000,1.985194
0,0.000000,0.000000,1.882260
0,0.000000,0.000000,2.021201
0,0.000000,0.000000,0.971562
0,0.000000,0.000000,1.468750
0,0.000000,0.000000,1.800000
0,0.000000,0.000000,0.914838
1,0.000000,0.000000,1.170833
0,0.000000,0.000000,0.884609
0,0.000000,0.000000,1.078125
0,0.000000,0.000000,1.100000
0,0.000000,0.000000,0.871177
1,0.000000,0.000000,0.991667
0,0.000000,0.000000,0.061124
0,0.000000,0.000000,4.234375
0,0.000000,0.000000,4.200000
0,0.000000,0.000000,0.073451
1,0.000000,0.000000,0.875000
0,0.000000,0.000000,2.472231
0,0.000000,0.000000,3.046875
0,0.000000,0.000000,2.700000
0,0.000000,0.000000,2.111313
1,0.000000,0.000000,2.745833
0,0.000000,0.000000,2.245572
0,0.000000,0.000000,2.828125
0,0.000000,0.000000,2.500000
0,0.000000,0.000000,1.935759
1,0.000000,0.000000,2.645833
1,0.000000,0.000000,0.093245
0,1.000000,1.000000,0.097554
0,0.000000,0.000000,0.531250
0,1.000000,1.000000,0.078084
0,0.000000,0.000000,0.200000
1,0.000000,0.000000,0.104845
0,0.000000,0.000000,0.103046
0,0.000000,0.000000,1.052083
0,0.000000,0.000000,0.062267
0,0.000000,0.000000,0.000000
1,1.000000,1.000000,1.169626
0,0.000000,0.000000,1.291217
0,0.000000,0.000000,1.687500
0,0.000000,0.000000,0.902446
0,0.000000,0.000000,0.800000
1,0.000000,0.000000,0.397430
0,0.000000,0.000000,0.475883
0,0.000000,0.000000,0.447917
0,0.000000,0.000000,0.365549
0,0.000000,0.000000,0.600000
1,0.000000,0.000000,0.000000
0,0.000000,0.000000,0.000000
0,0.000000,0.000000,0.000000
0,0.000000,0.000000,0.000000
0,0.000000,0.000000,0.000000
0,0.000000,0.000000,0.000000
1,0.000000,0.000000,0.000000
0,0.000000,0.000000,0.000000
0,0.000000,0.000000,0.000000
0,0.000000,0.000000,0.000000
0,0.000000,0.000000,0.000000
1,0.000000,0.000000,0.000000
0,0.000000,0.000000,0.000000
0,0.000000,0.000000,0.000000
0,0.000000,0.000000,0.000000
0,0.000000,0.000000,2.459201
1,2.000000,2.000000,3.139575
0,0.000000,0.000000,2.460281
0,0.000000,0.000000,2.460488
0,1.000000,2.000000,2.605652
0,0.000000,0.000000,1.062483
1,0.000000,0.000000,1.053668
0,0.000000,0.000000,1.053068
0,0.000000,0.000000,1.083981
0,1.000000,1.000000,1.097695
0,0.000000,0.000000,0.001352
1,0.000000,0.000000,0.000965
0,0.000000,0.000000,0.001068
0,0.000000,0.000000,0.002478
0,0.000000,0.000000,0.002033
0,0.000000,0.000000,1.294118
0,0.000000,0.000000,1.228330
0,0.000000,0.000000,1.588235
0,1.000000,1.000000,1.267182
1,1.000000,1.000000,0.000000
0,0.000000,0.000000,0.000000
0,0.000000,0.000000,0.000000
0,0.000000,0.000000,0.000000
0,0.000000,0.000000,0.000000
1,0.000000,0.000000,0.000000
0,0.000000,0.000000,0.000000
0,0.000000,0.000000,0.000000
0,0.000000,0.000000,0.000000
0,0.000000,0.000000,0.000000
1,0.000000,0.000000,0.000000
0,0.000000,0.000000,1.117647
0,0.000000,0.000000,1.083210
0,0.000000,0.000000,1.117647
0,0.000000,0.000000,1.075973
1,0.000000,0.000000,0.000000
0,0.000000,0.000000,0.000000
0,0.000000,0.000000,0.001595
0,0.000000,0.000000,0.000000
0,0.000000,0.000000,0.001445
1,0.000000,0.000000,0.000000
1,0.000000,0.000000,2.500000
0,0.000000,0.000000,1.300000
0,0.000000,0.000000,0.529789
0,0.000000,0.000000,0.554167
0,0.000000,0.000000,0.000000
1,0.000000,0.000000,1.500000
0,0.000000,0.000000,2.100000
0,0.000000,0.000000,1.757537
0,0.000000,0.000000,1.962500
0,0.000000,0.000000,0.000000
1,1.000000,1.000000,2.500000
0,1.000000,1.000000,0.500000
0,0.000000,0.000000,0.497560
0,0.000000,0.000000,0.841667
0,0.000000,0.000000,0.000000
1,0.000000,0.000000,0.000000
0,0.000000,0.000000,0.000000
0,0.000000,0.000000,0.000000
0,0.000000,0.000000,0.000000
0,0.000000,0.000000,0.000000
1,0.000000,0.000000,0.000000
0,0.000000,0.000000,0.000000
0,0.000000,0.000000,0.000000
0,0.000000,0.000000,0.000000
0,0.000000,0.000000,0.000000
0,0.000000,0.000000,1.165751
0,0.000000,0.000000,1.235898
0,0.000000,0.000000,5.500000
1,0.000000,0.000000,1.236175
0,0.000000,0.000000,5.619048
0,0.000000,0.000000,0.910450
0,0.000000,0.000000,0.933100
0,0.000000,0.000000,1.500000
1,0.000000,0.000000,0.933278
0,0.000000,0.000000,1.476190
0,0.000000,0.000000,0.694310
0,0.000000,0.000000,0.726554
0,0.000000,0.000000,2.500000
1,0.000000,0.000000,0.734036
0,0.000000,0.000000,3.190476
0,0.000000,0.000000,0.000074
0,0.000000,0.000000,0.000098
0,0.000000,0.000000,0.000000
1,0.000000,0.000000,0.000097
0,0.000000,0.000000,0.095238
0,0.000000,0.000000,0.731571
0,0.000000,0.000000,0.774436
0,0.000000,0.000000,5.000000
1,0.000000,0.000000,0.771066
0,0.000000,0.000000,3.190476
